CP 1 670
9 2
16 352
16 486
16 515
16 544
129 1 
65 0 
12 18
9 21
16 24
0
16 62
0
129 2 
65 0 
12 33
16 50
17
16 36
17
129 3 
65 0 
12 44
9 47
16 264
17
16 310
17
129 3 
129 2 
65 -1 
5
6
16 168
31
17
16 151
129 4 
65 0 
14 78
129 4 
65 0 
12 81
9 86
16 310
17
16 139
16 50
17
16 99
16 168
257 420 
31
16 210
257 1488 
31
17
129 4 
20
130 4 
129 2 
65 -1 
5
129 4 
65 -1 
5
3
8
65 2 
129 1 
5
6
258 420 
129 4 
129 4 
3
3
65 2 
129 1 
5
6
258 1488 
17
129 2 
130 3 
129 1 
65 2 
5
130 2 
17
129 2 
129 2 
5
65 -4 
129 1 
129 3 
5
5
3
130 4 
17
65 0 
65 10 
65 84 
65 79 
65 79 
65 82 
65 32 
65 69 
65 78 
65 79 
258 0 
258 1 
258 2 
258 3 
258 4 
258 5 
258 6 
258 7 
258 8 
258 9 
18
17
65 0 
65 10 
65 84 
65 79 
65 79 
65 82 
65 32 
65 68 
65 78 
65 79 
65 67 
65 69 
65 83 
258 0 
258 1 
258 2 
258 3 
258 4 
258 5 
258 6 
258 7 
258 8 
258 9 
258 10 
258 11 
258 12 
18
17
65 0 
65 10 
65 83 
65 84 
65 79 
65 79 
65 82 
65 32 
65 70 
65 78 
65 73 
258 0 
258 1 
258 2 
258 3 
258 4 
258 5 
258 6 
258 7 
258 8 
258 9 
258 10 
18
17
65 0 
65 10 
65 83 
65 84 
65 79 
65 79 
65 82 
65 32 
65 79 
65 78 
258 0 
258 1 
258 2 
258 3 
258 4 
258 5 
258 6 
258 7 
258 8 
258 9 
18
17
65 0 
65 10 
65 48 
65 32 
65 61 
65 32 
65 99 
65 32 
65 43 
65 32 
65 120 
65 98 
65 32 
65 43 
65 32 
65 50 
65 94 
65 120 
65 97 
65 32 
65 102 
65 111 
65 32 
65 102 
65 101 
65 111 
65 99 
65 32 
65 116 
65 117 
65 112 
65 110 
65 105 
258 0 
258 1 
258 2 
258 3 
258 4 
258 5 
258 6 
258 7 
258 8 
258 9 
258 10 
258 11 
258 12 
258 13 
258 14 
258 15 
258 16 
258 17 
258 18 
258 19 
258 20 
258 21 
258 22 
258 23 
258 24 
258 25 
258 26 
258 27 
258 28 
258 29 
258 30 
258 31 
258 32 
18
17
65 0 
65 10 
65 32 
65 61 
65 32 
65 97 
258 0 
258 1 
258 2 
258 3 
258 4 
258 5 
18
7
130 1 
17
65 0 
65 10 
65 32 
65 61 
65 32 
65 98 
258 0 
258 1 
258 2 
258 3 
258 4 
258 5 
18
7
130 2 
17
65 0 
65 10 
65 32 
65 61 
65 32 
65 99 
258 0 
258 1 
258 2 
258 3 
258 4 
258 5 
18
7
130 3 
17

258 0 
258 1 
258 2 
258 3 
258 4 
258 5 
18
7
130 3 
17
